11001
11003
11004
11005
11006
11007
11008
11009
11010
11011
12001
12002
12003
12004
12005
12006
12007
13003
13004
13006
13007
13008
13009
13010
21001
21002
22001
22002
22004
23001
23002
23003
23004
23005
23006
23007
23008
23009
23010
23011
23012
23013
23015
31001
31002
31003
31004
31005
31007
31008
31009
31010
31011
31012
31013
31014
31016
41001
41002
41003
41005
41006
41007
41008
41009
41010
41011
41012
41013
41014
41016
41017
41018
41019
41020
41021
41022
41023
41024
41025
41026
41027
41028
42001
42003
51001
51003
51004
51005
51006
51007
51008
51009
51010
51011
51012
51013
51014
51015
51016
52001
52003
52004
52005
53001
53002
53003
61001
61002
61003
61005
61006
62001
62002
62003
62004
62005
63001
63003
63004
63005
63007
71002
71003
71004
71005
71007
71008
71009
71010
71011
71012
72001
73001
73002
73003
73004
73005
73006
73007
73008
73009
73010
73011
81001
81003
81004
81005
81006
81007
81008
81009
91001
91002
91003
91004
91005
91006
91007
91008
91009
91010
91011
91012
91013
91014
91015
91016
91017
91018
91019
92001
92002
93001
93002
